fx = 1625.56503970997
fy = 1643.42028497408





f= 1634.492662342025
z0=31.5 == 315.2
x1=z0*(x(1)/fx)
x2=z0*(x(2)/fx)

y1=z0*(y(1)/fy)
y2=z0*(y(2)/fy)

dist =sqrt((x1-x2)^2+(y1-y2)^2)
actual dist=


x = [6.035000000000000e+02;1.169500000000000e+03]
y = [5.654999999999999e+02;5.754999999999999e+02]
